,0,1,2,3,4,5,6,7,8,9,10,11,12,13,14,15,16,17,18,19,20,21,22,23,24,25,26,27,28,29
budget = 0,1.0,2.0,3.0,5.0,6.0,8.0,12.0,14.766666666666667,17.766666666666666,22.133333333333333,27.133333333333333,33.1,38.06666666666667,44.9,51.86666666666667,58.36666666666667,64.16666666666667,69.6,74.66666666666667,78.6,81.9,85.03333333333333,87.96666666666667,90.56666666666666,92.1,93.63333333333334,95.06666666666666,95.83333333333333,96.7,97.2
budget = 1,1.0,2.0,3.0,5.0,6.0,8.0,12.0,14.4,17.5,21.566666666666666,26.4,31.6,36.63333333333333,41.666666666666664,47.4,53.63333333333333,59.766666666666666,66.33333333333333,71.3,76.0,79.63333333333334,83.26666666666667,86.43333333333334,88.7,90.56666666666666,92.1,93.26666666666667,94.73333333333333,95.73333333333333,96.3
budget = 2,1.0,2.0,3.0,5.0,6.0,8.0,12.0,14.366666666666667,16.9,20.733333333333334,24.233333333333334,29.4,34.666666666666664,40.1,46.3,52.03333333333333,58.233333333333334,63.9,69.7,74.5,79.53333333333333,83.0,85.93333333333334,88.5,90.73333333333333,92.56666666666666,94.2,95.06666666666666,96.0,96.7
budget = 3,1.0,2.0,3.0,5.0,6.0,8.0,12.0,14.4,17.333333333333332,21.3,25.566666666666666,30.8,36.1,42.1,48.0,54.06666666666667,59.9,65.43333333333334,70.8,75.16666666666667,79.23333333333333,82.96666666666667,85.76666666666667,88.3,90.06666666666666,91.76666666666667,93.06666666666666,94.7,95.83333333333333,96.63333333333334
budget = 4,1.0,2.0,3.0,5.0,6.0,8.0,12.0,13.966666666666667,16.3,19.166666666666668,22.533333333333335,26.766666666666666,31.366666666666667,36.6,42.0,47.1,52.9,59.166666666666664,64.76666666666667,70.66666666666667,75.16666666666667,79.6,83.33333333333333,85.96666666666667,88.73333333333333,90.36666666666666,92.2,93.53333333333333,94.83333333333333,95.73333333333333
budget = 5,1.0,2.0,3.0,5.0,6.0,8.0,12.0,13.8,16.1,18.8,22.0,25.533333333333335,29.733333333333334,34.43333333333333,38.96666666666667,44.03333333333333,48.43333333333333,52.766666666666666,57.46666666666667,61.93333333333333,66.46666666666667,70.66666666666667,74.56666666666666,77.56666666666666,80.63333333333334,83.36666666666666,86.36666666666666,88.23333333333333,90.1,91.46666666666667
budget = 6,1.0,2.0,3.0,5.0,6.0,8.0,12.0,13.633333333333333,15.466666666666667,17.2,20.033333333333335,23.133333333333333,27.266666666666666,31.166666666666668,35.733333333333334,40.9,46.333333333333336,51.266666666666666,56.93333333333333,61.6,66.86666666666666,71.13333333333334,75.8,79.8,82.86666666666666,85.96666666666667,88.46666666666667,90.93333333333334,92.4,94.1
budget = 7,1.0,2.0,3.0,5.0,6.0,8.0,12.0,13.433333333333334,15.6,18.1,20.933333333333334,24.066666666666666,27.5,31.5,36.03333333333333,40.333333333333336,44.9,49.96666666666667,54.56666666666667,58.7,64.0,68.1,71.93333333333334,75.73333333333333,78.8,81.8,84.2,86.46666666666667,88.26666666666667,90.26666666666667
budget = 8,1.0,2.0,3.0,5.0,6.0,8.0,12.0,13.133333333333333,15.0,16.866666666666667,19.066666666666666,22.066666666666666,24.733333333333334,28.266666666666666,31.733333333333334,34.766666666666666,38.666666666666664,42.1,46.06666666666667,49.56666666666667,53.56666666666667,57.6,61.6,64.96666666666667,68.6,71.93333333333334,75.0,77.93333333333334,80.66666666666667,83.0
budget = 9,1.0,2.0,3.0,5.0,6.0,8.0,12.0,12.966666666666667,13.933333333333334,15.366666666666667,17.3,18.9,20.666666666666668,22.5,24.833333333333332,27.5,30.4,33.333333333333336,36.8,40.3,44.0,47.333333333333336,50.766666666666666,54.333333333333336,57.5,61.6,64.96666666666667,68.3,71.53333333333333,74.26666666666667
budget = 10,1.0,2.0,3.0,5.0,6.0,8.0,12.0,12.766666666666667,13.5,14.5,15.433333333333334,16.166666666666668,16.9,17.766666666666666,18.933333333333334,20.033333333333335,21.233333333333334,22.733333333333334,24.733333333333334,26.566666666666666,29.466666666666665,31.966666666666665,34.333333333333336,37.7,40.766666666666666,44.333333333333336,47.833333333333336,51.36666666666667,54.56666666666667,58.03333333333333
budget = 11,1.0,2.0,3.0,5.0,6.0,8.0,12.0,12.533333333333333,12.9,13.266666666666667,13.866666666666667,14.366666666666667,14.8,15.0,15.066666666666666,15.166666666666666,15.366666666666667,15.533333333333333,15.633333333333333,15.7,15.766666666666667,15.8,15.866666666666667,15.933333333333334,15.933333333333334,15.933333333333334,15.933333333333334,15.966666666666667,16.0,16.0
budget = 12,1.0,2.0,3.0,5.0,6.0,8.0,12.0,12.6,13.166666666666666,13.466666666666667,13.9,14.166666666666666,14.566666666666666,14.8,14.9,15.133333333333333,15.333333333333334,15.366666666666667,15.533333333333333,15.566666666666666,15.566666666666666,15.633333333333333,15.666666666666666,15.733333333333333,15.8,15.833333333333334,15.833333333333334,15.833333333333334,15.9,15.9
budget = 13,1.0,2.0,3.0,5.0,6.0,8.0,12.0,12.2,12.4,12.566666666666666,12.8,12.9,12.9,13.033333333333333,13.166666666666666,13.2,13.266666666666667,13.433333333333334,13.533333333333333,13.6,13.666666666666666,13.7,13.733333333333333,13.8,13.8,13.833333333333334,13.866666666666667,13.866666666666667,13.866666666666667,13.866666666666667
budget = 14,1.0,2.0,3.0,5.0,6.0,8.0,12.0,12.0,12.0,12.0,12.0,12.0,12.0,12.0,12.0,12.0,12.0,12.0,12.0,12.0,12.0,12.0,12.0,12.0,12.0,12.0,12.0,12.0,12.0,12.0
budget = 15,1.0,2.0,3.0,5.0,6.0,8.0,12.0,12.0,12.0,12.0,12.0,12.0,12.0,12.0,12.0,12.0,12.0,12.0,12.0,12.0,12.0,12.0,12.0,12.0,12.0,12.0,12.0,12.0,12.0,12.0
budget = 16,1.0,2.0,3.0,5.0,6.0,8.0,12.0,12.0,12.0,12.0,12.0,12.0,12.0,12.0,12.0,12.0,12.0,12.0,12.0,12.0,12.0,12.0,12.0,12.0,12.0,12.0,12.0,12.0,12.0,12.0
budget = 17,1.0,2.0,3.0,5.0,6.0,8.0,12.0,12.0,12.0,12.0,12.0,12.0,12.0,12.0,12.0,12.0,12.0,12.0,12.0,12.0,12.0,12.0,12.0,12.0,12.0,12.0,12.0,12.0,12.0,12.0
budget = 18,1.0,2.0,3.0,5.0,6.0,8.0,12.0,12.0,12.0,12.0,12.0,12.0,12.0,12.0,12.0,12.0,12.0,12.0,12.0,12.0,12.0,12.0,12.0,12.0,12.0,12.0,12.0,12.0,12.0,12.0
budget = 19,1.0,2.0,3.0,5.0,6.0,8.0,12.0,12.0,12.0,12.0,12.0,12.0,12.0,12.0,12.0,12.0,12.0,12.0,12.0,12.0,12.0,12.0,12.0,12.0,12.0,12.0,12.0,12.0,12.0,12.0
budget = 20,1.0,2.0,3.0,5.0,6.0,8.0,12.0,12.0,12.0,12.0,12.0,12.0,12.0,12.0,12.0,12.0,12.0,12.0,12.0,12.0,12.0,12.0,12.0,12.0,12.0,12.0,12.0,12.0,12.0,12.0
