,0,1,2,3,4,5,6,7,8,9,10,11,12,13,14,15,16,17,18,19,20,21,22,23,24,25,26,27,28,29
budget = 0,1.0,2.0,4.0,7.0,10.0,13.7,18.5,22.533333333333335,28.3,33.43333333333333,38.93333333333333,45.03333333333333,51.36666666666667,57.733333333333334,63.833333333333336,68.96666666666667,74.33333333333333,79.1,82.86666666666666,85.83333333333333,88.7,90.53333333333333,92.43333333333334,93.7,94.76666666666667,95.93333333333334,96.93333333333334,97.56666666666666,98.13333333333334,98.6
budget = 1,1.0,2.0,4.0,7.0,10.0,12.866666666666667,17.0,20.533333333333335,25.466666666666665,31.566666666666666,37.666666666666664,44.166666666666664,49.63333333333333,55.666666666666664,61.266666666666666,67.03333333333333,71.3,75.33333333333333,79.53333333333333,83.06666666666666,85.53333333333333,88.16666666666667,90.03333333333333,91.86666666666666,93.56666666666666,94.93333333333334,96.0,96.7,97.4,98.1
budget = 2,1.0,2.0,4.0,7.0,10.0,12.733333333333333,16.0,20.333333333333332,24.733333333333334,29.566666666666666,34.9,39.63333333333333,44.93333333333333,51.13333333333333,57.5,63.36666666666667,68.7,73.63333333333334,78.3,82.23333333333333,84.83333333333333,87.53333333333333,89.9,92.06666666666666,93.9,95.16666666666667,96.13333333333334,96.63333333333334,97.13333333333334,97.76666666666667
budget = 3,1.0,2.0,4.0,7.0,10.0,12.166666666666666,15.533333333333333,20.333333333333332,24.5,29.0,34.3,40.0,45.96666666666667,51.43333333333333,57.4,63.2,68.06666666666666,72.43333333333334,76.96666666666667,80.46666666666667,83.23333333333333,86.03333333333333,88.1,90.13333333333334,91.63333333333334,92.93333333333334,94.0,94.9,95.63333333333334,96.23333333333333
budget = 4,1.0,2.0,4.0,7.0,10.0,11.566666666666666,14.9,18.133333333333333,21.266666666666666,25.466666666666665,29.933333333333334,35.166666666666664,40.666666666666664,46.53333333333333,52.833333333333336,58.46666666666667,63.93333333333333,68.7,73.43333333333334,78.26666666666667,82.33333333333333,85.5,87.8,89.63333333333334,91.06666666666666,92.46666666666667,93.4,94.46666666666667,95.2,95.66666666666667
budget = 5,1.0,2.0,4.0,7.0,10.0,11.766666666666667,14.533333333333333,17.533333333333335,20.666666666666668,24.3,29.066666666666666,34.5,40.6,46.766666666666666,52.86666666666667,57.96666666666667,62.56666666666667,67.9,72.53333333333333,76.53333333333333,79.96666666666667,83.06666666666666,85.23333333333333,87.1,89.1,90.6,92.33333333333333,93.23333333333333,94.33333333333333,95.0
budget = 6,1.0,2.0,4.0,7.0,10.0,12.4,15.233333333333333,18.466666666666665,22.366666666666667,26.166666666666668,30.933333333333334,36.333333333333336,42.56666666666667,48.7,54.93333333333333,59.833333333333336,64.8,69.63333333333334,74.23333333333333,78.23333333333333,81.43333333333334,83.9,85.96666666666667,88.2,89.43333333333334,90.3,91.7,93.03333333333333,93.86666666666666,94.66666666666667
budget = 7,1.0,2.0,4.0,7.0,10.0,11.866666666666667,14.4,16.833333333333332,20.066666666666666,23.566666666666666,27.366666666666667,31.366666666666667,36.5,41.733333333333334,47.1,52.9,57.63333333333333,62.6,66.83333333333333,70.73333333333333,74.66666666666667,77.56666666666666,80.5,83.06666666666666,85.03333333333333,87.06666666666666,88.63333333333334,90.06666666666666,91.33333333333333,92.0
budget = 8,1.0,2.0,4.0,7.0,10.0,11.466666666666667,13.466666666666667,15.866666666666667,18.166666666666668,21.266666666666666,24.7,28.633333333333333,33.56666666666667,38.9,44.333333333333336,49.9,55.53333333333333,60.666666666666664,65.6,70.8,75.7,79.6,83.13333333333334,86.26666666666667,88.26666666666667,89.66666666666667,91.23333333333333,92.63333333333334,93.76666666666667,94.73333333333333
budget = 9,1.0,2.0,4.0,7.0,10.0,11.433333333333334,12.966666666666667,15.8,18.8,21.866666666666667,26.166666666666668,31.333333333333332,36.43333333333333,42.166666666666664,47.9,54.2,59.36666666666667,64.46666666666667,68.23333333333333,72.1,76.16666666666667,79.1,82.2,84.66666666666667,86.9,88.43333333333334,90.0,91.1,91.9,92.66666666666667
budget = 10,1.0,2.0,4.0,7.0,10.0,11.633333333333333,13.5,15.6,17.7,20.366666666666667,23.1,26.2,29.666666666666668,33.9,38.3,43.2,48.266666666666666,53.53333333333333,58.333333333333336,62.833333333333336,67.23333333333333,71.63333333333334,75.2,78.7,81.5,83.66666666666667,85.83333333333333,87.46666666666667,88.7,90.03333333333333
budget = 11,1.0,2.0,4.0,7.0,10.0,10.966666666666667,12.233333333333333,13.466666666666667,14.9,17.0,19.1,21.2,23.333333333333332,25.266666666666666,28.633333333333333,31.433333333333334,34.86666666666667,38.13333333333333,42.1,46.2,50.43333333333333,54.833333333333336,58.63333333333333,63.166666666666664,67.4,71.36666666666666,75.06666666666666,77.73333333333333,80.36666666666666,82.9
budget = 12,1.0,2.0,4.0,7.0,10.0,10.933333333333334,11.966666666666667,13.3,14.8,17.1,19.333333333333332,22.3,25.4,28.7,32.46666666666667,36.43333333333333,40.86666666666667,45.9,50.6,55.46666666666667,59.8,63.733333333333334,67.4,70.83333333333333,73.7,76.56666666666666,79.4,82.06666666666666,84.6,86.5
budget = 13,1.0,2.0,4.0,7.0,10.0,10.7,11.533333333333333,12.9,14.766666666666667,16.733333333333334,19.366666666666667,22.366666666666667,25.633333333333333,29.0,33.266666666666666,38.13333333333333,42.13333333333333,46.53333333333333,50.8,55.166666666666664,59.333333333333336,63.36666666666667,66.73333333333333,69.7,72.96666666666667,75.03333333333333,77.6,79.96666666666667,81.96666666666667,83.73333333333333
budget = 14,1.0,2.0,4.0,7.0,10.0,10.5,11.166666666666666,11.8,12.4,13.433333333333334,14.266666666666667,15.4,16.833333333333332,18.6,20.933333333333334,23.9,26.666666666666668,29.133333333333333,32.36666666666667,35.4,38.93333333333333,42.2,46.166666666666664,49.733333333333334,53.6,57.1,59.93333333333333,62.833333333333336,65.36666666666666,67.93333333333334
budget = 15,1.0,2.0,4.0,7.0,10.0,10.4,11.0,11.8,13.066666666666666,14.333333333333334,16.133333333333333,17.866666666666667,20.266666666666666,23.033333333333335,25.8,29.166666666666668,32.5,36.5,40.13333333333333,43.86666666666667,48.06666666666667,51.96666666666667,55.6,59.36666666666667,62.766666666666666,66.36666666666666,69.26666666666667,72.0,74.36666666666666,76.76666666666667
budget = 16,1.0,2.0,4.0,7.0,10.0,10.2,10.566666666666666,10.866666666666667,11.4,11.966666666666667,12.7,13.533333333333333,14.633333333333333,16.066666666666666,17.833333333333332,20.2,22.733333333333334,25.4,29.033333333333335,33.13333333333333,37.0,41.53333333333333,45.4,49.3,53.63333333333333,57.333333333333336,61.333333333333336,64.86666666666666,67.53333333333333,70.73333333333333
budget = 17,1.0,2.0,4.0,7.0,10.0,10.0,10.0,10.0,10.0,10.0,10.0,10.0,10.0,10.0,10.0,10.0,10.0,10.0,10.0,10.0,10.0,10.0,10.0,10.0,10.0,10.0,10.0,10.0,10.0,10.0
budget = 18,1.0,2.0,4.0,7.0,10.0,10.0,10.0,10.0,10.0,10.0,10.0,10.0,10.0,10.0,10.0,10.0,10.0,10.0,10.0,10.0,10.0,10.0,10.0,10.0,10.0,10.0,10.0,10.0,10.0,10.0
budget = 19,1.0,2.0,4.0,7.0,10.0,10.0,10.0,10.0,10.0,10.0,10.0,10.0,10.0,10.0,10.0,10.0,10.0,10.0,10.0,10.0,10.0,10.0,10.0,10.0,10.0,10.0,10.0,10.0,10.0,10.0
budget = 20,1.0,2.0,4.0,7.0,10.0,10.0,10.0,10.0,10.0,10.0,10.0,10.0,10.0,10.0,10.0,10.0,10.0,10.0,10.0,10.0,10.0,10.0,10.0,10.0,10.0,10.0,10.0,10.0,10.0,10.0
