,0,1,2,3,4,5,6,7,8,9,10,11,12,13,14,15,16,17,18,19
budget = 0,1.0,1.0,4.0,8.0,15.0,23.86,36.08,50.9,66.0,80.26,90.14,95.46,98.26,99.46,99.8,99.96,100.0,100.0,100.0,100.0
budget = 1,1.0,1.0,4.0,8.0,15.0,24.02,35.82,50.76,66.34,79.6,90.14,95.66,98.16,99.2,99.66,99.84,99.94,100.0,100.0,100.0
budget = 2,1.0,1.0,4.0,8.0,15.0,23.36,34.88,49.16,64.04,78.14,88.52,94.62,97.96,99.24,99.76,99.94,100.0,100.0,100.0,100.0
budget = 3,1.0,1.0,4.0,8.0,15.0,22.9,33.72,46.78,62.08,75.66,86.8,93.82,97.06,98.62,99.5,99.86,99.94,100.0,100.0,100.0
budget = 4,1.0,1.0,4.0,8.0,15.0,23.58,33.74,46.78,61.68,76.1,86.66,93.48,97.1,98.88,99.62,99.88,99.96,99.98,100.0,100.0
budget = 5,1.0,1.0,4.0,8.0,15.0,23.52,34.22,46.9,60.32,74.3,86.1,93.48,96.92,98.86,99.58,99.74,99.9,99.96,99.96,99.98
budget = 6,1.0,1.0,4.0,8.0,15.0,22.8,32.6,44.58,58.3,71.14,82.88,90.7,96.06,98.42,99.42,99.72,99.86,99.96,100.0,100.0
budget = 7,1.0,1.0,4.0,8.0,15.0,22.9,32.58,43.66,57.38,71.22,82.8,90.92,96.24,98.58,99.56,99.8,99.92,100.0,100.0,100.0
budget = 8,1.0,1.0,4.0,8.0,15.0,22.44,31.84,43.3,56.14,69.82,81.4,89.54,95.12,97.96,99.2,99.74,99.88,99.96,100.0,100.0
budget = 9,1.0,1.0,4.0,8.0,15.0,22.68,31.94,43.06,55.78,68.96,80.74,89.7,95.28,98.28,99.52,99.82,99.94,100.0,100.0,100.0
budget = 10,1.0,1.0,4.0,8.0,15.0,22.12,30.94,41.84,54.9,67.76,80.12,88.66,94.6,97.44,99.14,99.64,99.82,99.94,100.0,100.0
budget = 11,1.0,1.0,4.0,8.0,15.0,22.46,31.48,41.84,54.06,66.48,78.54,88.12,94.22,97.32,98.92,99.56,99.84,99.94,99.96,100.0
budget = 12,1.0,1.0,4.0,8.0,15.0,21.28,29.86,40.32,51.86,64.08,75.38,85.5,92.16,96.7,98.58,99.4,99.86,99.94,99.98,100.0
budget = 13,1.0,1.0,4.0,8.0,15.0,21.5,29.6,39.48,51.04,63.62,75.68,85.86,93.46,97.44,98.92,99.6,99.88,99.94,100.0,100.0
budget = 14,1.0,1.0,4.0,8.0,15.0,21.78,29.9,39.74,50.78,63.64,76.18,85.68,92.56,96.48,98.6,99.36,99.74,99.92,99.94,99.98
budget = 15,1.0,1.0,4.0,8.0,15.0,21.22,28.54,36.74,47.5,59.44,72.04,83.2,90.7,95.94,98.1,99.4,99.7,99.9,99.96,100.0
budget = 16,1.0,1.0,4.0,8.0,15.0,20.72,28.62,37.88,49.78,61.4,73.74,84.36,92.22,96.24,98.32,99.28,99.74,99.92,100.0,100.0
budget = 17,1.0,1.0,4.0,8.0,15.0,21.0,28.52,37.86,49.24,61.36,73.06,83.28,90.64,95.66,98.0,99.4,99.88,99.94,100.0,100.0
budget = 18,1.0,1.0,4.0,8.0,15.0,21.22,28.08,36.62,46.42,58.4,71.22,82.12,90.76,95.32,98.02,99.08,99.62,99.86,99.92,99.94
budget = 19,1.0,1.0,4.0,8.0,15.0,20.7,27.08,35.64,45.82,58.14,70.16,80.96,89.82,94.82,97.52,98.86,99.6,99.9,99.98,99.98
budget = 20,1.0,1.0,4.0,8.0,15.0,20.4,26.5,34.12,43.46,54.66,66.74,78.16,87.24,93.88,97.18,98.86,99.5,99.86,99.94,99.98
budget = 21,1.0,1.0,4.0,8.0,15.0,20.24,26.38,34.08,43.46,54.14,65.68,76.62,85.82,92.08,96.22,98.6,99.4,99.78,99.98,100.0
budget = 22,1.0,1.0,4.0,8.0,15.0,19.84,25.54,32.46,41.62,51.76,63.16,75.44,85.22,92.06,96.48,98.62,99.46,99.78,99.92,99.98
budget = 23,1.0,1.0,4.0,8.0,15.0,19.86,25.78,32.38,40.22,50.3,61.8,73.74,83.52,91.34,95.62,98.2,99.22,99.64,99.84,99.92
budget = 24,1.0,1.0,4.0,8.0,15.0,19.26,24.22,30.34,37.82,46.86,57.28,68.46,79.02,88.06,93.84,97.42,98.96,99.66,99.84,99.98
budget = 25,1.0,1.0,4.0,8.0,15.0,19.32,24.8,30.32,37.2,46.14,55.74,66.02,77.1,85.76,91.78,96.06,98.12,99.2,99.76,99.98
budget = 26,1.0,1.0,4.0,8.0,15.0,19.2,25.1,30.7,38.16,46.56,56.36,66.76,77.08,86.2,92.74,96.56,98.48,99.46,99.84,99.92
budget = 27,1.0,1.0,4.0,8.0,15.0,19.18,24.06,30.04,37.14,45.54,54.96,65.48,76.06,85.48,92.22,96.6,98.64,99.36,99.76,99.88
budget = 28,1.0,1.0,4.0,8.0,15.0,19.02,23.46,28.56,35.0,43.96,53.52,64.38,75.7,85.3,91.8,96.16,98.48,99.24,99.66,99.92
budget = 29,1.0,1.0,4.0,8.0,15.0,18.66,23.14,28.16,34.32,41.8,51.72,62.28,72.7,82.56,90.1,94.86,97.48,98.78,99.56,99.76
budget = 30,1.0,1.0,4.0,8.0,15.0,18.44,22.68,27.28,32.68,39.96,49.58,59.56,69.98,80.5,88.62,94.32,96.96,98.54,99.3,99.66
budget = 31,1.0,1.0,4.0,8.0,15.0,18.34,22.08,26.42,31.78,38.42,46.94,56.68,67.24,77.1,86.14,92.58,96.66,98.56,99.46,99.76
budget = 32,1.0,1.0,4.0,8.0,15.0,18.26,21.72,26.0,30.76,37.12,44.76,53.98,64.7,74.98,83.3,90.0,94.44,96.74,98.56,99.3
budget = 33,1.0,1.0,4.0,8.0,15.0,18.0,21.26,25.24,30.22,36.7,44.58,54.52,64.72,75.52,84.74,91.68,95.96,98.22,99.24,99.66
budget = 34,1.0,1.0,4.0,8.0,15.0,17.96,21.34,25.38,30.76,37.68,46.16,56.58,67.76,78.32,87.5,93.4,96.76,98.52,99.38,99.66
budget = 35,1.0,1.0,4.0,8.0,15.0,18.08,21.16,25.32,30.42,36.9,45.12,54.3,65.72,76.84,85.46,92.16,96.14,98.26,99.34,99.68
budget = 36,1.0,1.0,4.0,8.0,15.0,17.88,20.46,23.64,27.7,33.06,40.02,49.06,59.26,70.28,80.04,87.74,93.42,96.64,98.4,99.2
budget = 37,1.0,1.0,4.0,8.0,15.0,16.98,19.8,22.62,26.24,32.12,38.92,47.96,57.9,67.64,77.26,85.46,91.04,95.06,97.56,98.7
budget = 38,1.0,1.0,4.0,8.0,15.0,17.28,19.54,22.24,25.86,30.96,38.0,46.98,57.5,67.84,77.82,85.76,91.46,95.46,98.18,99.1
budget = 39,1.0,1.0,4.0,8.0,15.0,17.0,18.82,21.02,23.78,27.7,33.26,40.66,49.26,59.62,69.98,79.02,87.0,92.84,96.14,98.08
budget = 40,1.0,1.0,4.0,8.0,15.0,16.52,18.46,20.4,23.5,27.48,33.16,40.6,49.98,60.28,70.96,80.3,87.54,92.96,96.36,98.36
budget = 41,1.0,1.0,4.0,8.0,15.0,16.82,18.46,20.68,23.66,27.38,32.52,39.62,48.54,59.08,69.32,79.76,86.94,92.52,95.62,97.54
budget = 42,1.0,1.0,4.0,8.0,15.0,16.46,18.0,19.76,22.0,24.46,28.36,34.2,42.1,51.34,61.62,72.42,81.26,88.22,93.1,96.16
budget = 43,1.0,1.0,4.0,8.0,15.0,16.22,17.44,19.02,20.66,23.08,26.68,31.64,38.48,46.0,54.58,63.94,72.54,80.18,86.02,90.78
budget = 44,1.0,1.0,4.0,8.0,15.0,16.08,17.32,18.58,20.32,22.64,26.22,31.9,38.82,47.78,58.36,68.96,79.2,86.88,92.1,95.18
budget = 45,1.0,1.0,4.0,8.0,15.0,15.84,16.58,17.54,18.96,20.9,23.84,27.34,32.26,38.54,46.8,55.46,64.66,73.66,81.46,87.72
budget = 46,1.0,1.0,4.0,8.0,15.0,15.72,16.26,17.24,18.48,19.98,22.26,25.0,29.22,35.0,42.52,50.88,60.78,69.96,78.08,84.58
budget = 47,1.0,1.0,4.0,8.0,15.0,15.38,15.82,16.28,16.8,17.72,18.72,20.3,22.88,26.1,30.22,35.0,40.98,48.02,55.04,62.5
budget = 48,1.0,1.0,4.0,8.0,15.0,15.4,15.82,16.1,16.74,17.64,18.7,20.54,23.38,27.28,32.58,38.9,46.44,54.88,62.96,70.06
budget = 49,1.0,1.0,4.0,8.0,15.0,15.12,15.5,15.74,16.16,16.72,17.6,18.64,20.4,23.06,26.38,30.98,36.3,42.46,49.14,56.22
budget = 50,1.0,1.0,4.0,8.0,15.0,15.0,15.0,15.0,15.0,15.0,15.0,15.0,15.0,15.0,15.0,15.0,15.0,15.0,15.0,15.0
budget = 51,1.0,1.0,4.0,8.0,15.0,15.0,15.0,15.0,15.0,15.0,15.0,15.0,15.0,15.0,15.0,15.0,15.0,15.0,15.0,15.0
budget = 52,1.0,1.0,4.0,8.0,15.0,15.0,15.0,15.0,15.0,15.0,15.0,15.0,15.0,15.0,15.0,15.0,15.0,15.0,15.0,15.0
budget = 53,1.0,1.0,4.0,8.0,15.0,15.0,15.0,15.0,15.0,15.0,15.0,15.0,15.0,15.0,15.0,15.0,15.0,15.0,15.0,15.0
budget = 54,1.0,1.0,4.0,8.0,15.0,15.0,15.0,15.0,15.0,15.0,15.0,15.0,15.0,15.0,15.0,15.0,15.0,15.0,15.0,15.0
budget = 55,1.0,1.0,4.0,8.0,15.0,15.0,15.0,15.0,15.0,15.0,15.0,15.0,15.0,15.0,15.0,15.0,15.0,15.0,15.0,15.0
budget = 56,1.0,1.0,4.0,8.0,15.0,15.0,15.0,15.0,15.0,15.0,15.0,15.0,15.0,15.0,15.0,15.0,15.0,15.0,15.0,15.0
budget = 57,1.0,1.0,4.0,8.0,15.0,15.0,15.0,15.0,15.0,15.0,15.0,15.0,15.0,15.0,15.0,15.0,15.0,15.0,15.0,15.0
budget = 58,1.0,1.0,4.0,8.0,15.0,15.0,15.0,15.0,15.0,15.0,15.0,15.0,15.0,15.0,15.0,15.0,15.0,15.0,15.0,15.0
budget = 59,1.0,1.0,4.0,8.0,15.0,15.0,15.0,15.0,15.0,15.0,15.0,15.0,15.0,15.0,15.0,15.0,15.0,15.0,15.0,15.0
budget = 60,1.0,1.0,4.0,8.0,15.0,15.0,15.0,15.0,15.0,15.0,15.0,15.0,15.0,15.0,15.0,15.0,15.0,15.0,15.0,15.0
